[gd_scene load_steps=14 format=2]

[ext_resource path="res://BasicScenes/Player/PlayerCharacter/Model/Soldier.glb" type="PackedScene" id=1]
[ext_resource path="res://BasicScenes/Ballistics/Targets/Body/BodyPart.tscn" type="PackedScene" id=2]
[ext_resource path="res://BasicScenes/Player/PlayerCharacter/Hitboxes/UpperArm.tscn" type="PackedScene" id=3]
[ext_resource path="res://BasicScenes/Player/PlayerCharacter/Hitboxes/LowerArm.tscn" type="PackedScene" id=4]
[ext_resource path="res://BasicScenes/Player/PlayerCharacter/Hitboxes/UpperLeg.tscn" type="PackedScene" id=5]
[ext_resource path="res://BasicScenes/Player/PlayerCharacter/Hitboxes/LowerLeg.tscn" type="PackedScene" id=6]

[sub_resource type="AnimationNodeAnimation" id=1]
animation = "standing-loop"

[sub_resource type="AnimationNodeAnimation" id=2]
animation = "right-loop"

[sub_resource type="AnimationNodeAnimation" id=3]
animation = "forward-loop"

[sub_resource type="AnimationNodeAnimation" id=4]
animation = "left-loop"

[sub_resource type="AnimationNodeAnimation" id=5]
animation = "back-loop"

[sub_resource type="AnimationNodeBlendSpace2D" id=6]
blend_point_0/node = SubResource( 1 )
blend_point_0/pos = Vector2( 0, 0 )
blend_point_1/node = SubResource( 2 )
blend_point_1/pos = Vector2( 1, 0 )
blend_point_2/node = SubResource( 3 )
blend_point_2/pos = Vector2( 0, -1 )
blend_point_3/node = SubResource( 4 )
blend_point_3/pos = Vector2( -1, 0 )
blend_point_4/node = SubResource( 5 )
blend_point_4/pos = Vector2( 0, 1 )

[sub_resource type="AnimationNodeBlendTree" id=7]
graph_offset = Vector2( 23, 2.58 )
nodes/locomotion/node = SubResource( 6 )
nodes/locomotion/position = Vector2( 380, 100 )
nodes/output/position = Vector2( 820, 60 )
node_connections = [ "output", 0, "locomotion" ]

[node name="Soldier" instance=ExtResource( 1 )]

[node name="Chest" type="BoneAttachment" parent="Armature/Skeleton" index="1"]
transform = Transform( 0.937896, 0.0321718, -0.345421, 7.07805e-08, 0.99569, 0.0927366, 0.346916, -0.0869773, 0.933854, -0.0205001, 0.144625, 0.0340929 )
bone_name = "chest"

[node name="BodyPart" parent="Armature/Skeleton/Chest" index="0" instance=ExtResource( 2 )]
transform = Transform( 0.344, 0, 0, 0, 0.498, 0, 0, 0, 0.226, 0, 0.105, -0.05 )

[node name="Head" type="BoneAttachment" parent="Armature/Skeleton" index="2"]
transform = Transform( 0.937896, 1.14056e-09, -0.346916, 5.73649e-08, 1, 1.3411e-07, 0.346916, -1.56925e-07, 0.937896, -0.00669916, 0.656757, -0.00321824 )
bone_name = "head"

[node name="BodyPart" parent="Armature/Skeleton/Head" index="0" instance=ExtResource( 2 )]
transform = Transform( 0.131, 0, 0, 0, 0.199, 0, 0, 0, 0.2, 0, 0.101, 0.01 )

[node name="UpperArm_r" parent="Armature/Skeleton" index="3" instance=ExtResource( 3 )]
transform = Transform( -0.827966, -0.449612, 0.335144, 0.558376, -0.71625, 0.418571, 0.0518526, 0.5337, 0.844082, -0.183032, 0.457181, -0.142327 )

[node name="UpperArm_l" parent="Armature/Skeleton" index="4" instance=ExtResource( 3 )]
transform = Transform( -0.807789, -0.572783, -0.13927, -0.132951, -0.0531422, 0.989697, -0.574283, 0.817982, -0.0332244, 0.217714, 0.457181, 0.00590365 )
bone_name = "upper_arm_l"

[node name="LowerArm_r" parent="Armature/Skeleton" index="5" instance=ExtResource( 4 )]
transform = Transform( -0.827812, 0.431426, 0.358607, 0.559338, 0.585464, 0.586832, 0.0432226, 0.686368, -0.725967, -0.299665, 0.271379, -0.00388017 )

[node name="LowerArm_l" parent="Armature/Skeleton" index="6" instance=ExtResource( 4 )]
transform = Transform( -0.808815, -0.586119, 0.0477891, -0.132836, 0.261262, 0.956084, -0.572864, 0.766946, -0.289171, 0.0691282, 0.443396, 0.218096 )
bone_name = "lower_arm_l"

[node name="UpperLeg_r" parent="Armature/Skeleton" index="7" instance=ExtResource( 5 )]
transform = Transform( -0.862491, -0.24658, -0.441946, 0.237616, -0.968338, 0.0765513, -0.446819, -0.0389865, 0.893788, -0.1018, -0.0983494, -0.0490811 )

[node name="UpperLeg_l" parent="Armature/Skeleton" index="8" instance=ExtResource( 5 )]
transform = Transform( -0.971252, 0.0698116, -0.227596, -0.184659, -0.824301, 0.535191, -0.150231, 0.561831, 0.813515, 0.091085, -0.0983493, 0.0669004 )
bone_name = "upper_leg_l"

[node name="LowerLeg_r" parent="Armature/Skeleton" index="9" instance=ExtResource( 6 )]
transform = Transform( -0.862491, 0.146957, -0.484277, 0.237616, -0.727282, -0.643895, -0.446819, -0.670429, 0.592372, -0.231094, -0.606097, -0.0695236 )

[node name="LowerLeg_l" parent="Armature/Skeleton" index="10" instance=ExtResource( 6 )]
transform = Transform( -0.971252, 0.226544, -0.0731518, -0.184659, -0.910861, -0.369088, -0.150231, -0.344983, 0.926532, 0.127691, -0.530571, 0.361496 )
bone_name = "lower_leg_l"

[node name="AnimationPlayer" parent="." index="1"]
autoplay = "Fidgeting-loop"

[node name="AnimationTree" type="AnimationTree" parent="." index="2"]
tree_root = SubResource( 7 )
anim_player = NodePath("../AnimationPlayer")
active = true
parameters/locomotion/blend_position = Vector2( 0, 0 )
